from:0x020b2f1c kind:thumb_call_arm to:0x0201e470 module:main
from:0x020b2f30 kind:load to:0x020b30b0 module:overlay(29)
from:0x020b2f34 kind:load to:0x020b320c module:overlay(29)
from:0x020b2f38 kind:load to:0x020b3200 module:overlay(29)
from:0x020b2f3c kind:load to:0x020b2f70 module:overlay(29)
from:0x020b2f48 kind:thumb_call_arm to:0x0201e4a8 module:main
from:0x020b2f6c kind:load to:0x020b3200 module:overlay(29)
from:0x020b2f70 kind:load to:0x020b3220 module:overlays(30,31,32,33,34,35,36,37,38,39,40,41,42,43,44,45,46,47,48,49)
from:0x020b2f80 kind:load to:0x020b3220 module:overlays(30,31,32,33,34,35,36,37,38,39,40,41,42,43,44,45,46,47,48,49)
from:0x020b2f84 kind:load to:0x020b5a20 module:overlays(50,51,52,53,54,55,56,57,58,59,60,61,62,63,64,65,66,67,68)
from:0x020b2f88 kind:load to:0x020b8100 module:overlays(70,71,72,73,74,75,76,77,78,79,80,81,82,83,84,85,86,87)
from:0x020b2f8c kind:load to:0x020ba7c0 module:overlays(88,89,90,91,92,93,94,95,96,97,98,99,100,101,102,103,104)
from:0x020b2f90 kind:load to:0x020b3220 module:overlays(30,31,32,33,34,35,36,37,38,39,40,41,42,43,44,45,46,47,48,49)
from:0x020b2f94 kind:load to:0x020b5a20 module:overlays(50,51,52,53,54,55,56,57,58,59,60,61,62,63,64,65,66,67,68)
from:0x020b2f98 kind:load to:0x020b8100 module:overlays(70,71,72,73,74,75,76,77,78,79,80,81,82,83,84,85,86,87)
from:0x020b2fa0 kind:load to:0x020b3220 module:overlays(30,31,32,33,34,35,36,37,38,39,40,41,42,43,44,45,46,47,48,49)
from:0x020b2fa4 kind:load to:0x020b5a20 module:overlays(50,51,52,53,54,55,56,57,58,59,60,61,62,63,64,65,66,67,68)
from:0x020b2fa8 kind:load to:0x020b8100 module:overlays(70,71,72,73,74,75,76,77,78,79,80,81,82,83,84,85,86,87)
from:0x020b2fac kind:load to:0x020ba7c0 module:overlays(88,89,90,91,92,93,94,95,96,97,98,99,100,101,102,103,104)
from:0x020b2fb0 kind:load to:0x020b3220 module:overlays(30,31,32,33,34,35,36,37,38,39,40,41,42,43,44,45,46,47,48,49)
from:0x020b2fb4 kind:load to:0x020b5a20 module:overlays(50,51,52,53,54,55,56,57,58,59,60,61,62,63,64,65,66,67,68)
from:0x020b2fb8 kind:load to:0x020b8100 module:overlays(70,71,72,73,74,75,76,77,78,79,80,81,82,83,84,85,86,87)
from:0x020b2fbc kind:load to:0x020ba7c0 module:overlays(88,89,90,91,92,93,94,95,96,97,98,99,100,101,102,103,104)
from:0x020b2fc0 kind:load to:0x020b3220 module:overlays(30,31,32,33,34,35,36,37,38,39,40,41,42,43,44,45,46,47,48,49)
from:0x020b2fc4 kind:load to:0x020b5a20 module:overlays(50,51,52,53,54,55,56,57,58,59,60,61,62,63,64,65,66,67,68)
from:0x020b2fc8 kind:load to:0x020b8100 module:overlays(70,71,72,73,74,75,76,77,78,79,80,81,82,83,84,85,86,87)
from:0x020b2fcc kind:load to:0x020ba7c0 module:overlays(88,89,90,91,92,93,94,95,96,97,98,99,100,101,102,103,104)
from:0x020b2fd0 kind:load to:0x020b3220 module:overlays(30,31,32,33,34,35,36,37,38,39,40,41,42,43,44,45,46,47,48,49)
from:0x020b2fd4 kind:load to:0x020b5a20 module:overlays(50,51,52,53,54,55,56,57,58,59,60,61,62,63,64,65,66,67,68)
from:0x020b2fd8 kind:load to:0x020b8100 module:overlays(70,71,72,73,74,75,76,77,78,79,80,81,82,83,84,85,86,87)
from:0x020b2fdc kind:load to:0x020ba7c0 module:overlays(88,89,90,91,92,93,94,95,96,97,98,99,100,101,102,103,104)
from:0x020b2fe0 kind:load to:0x020b3220 module:overlays(30,31,32,33,34,35,36,37,38,39,40,41,42,43,44,45,46,47,48,49)
from:0x020b2fe4 kind:load to:0x020b5a20 module:overlays(50,51,52,53,54,55,56,57,58,59,60,61,62,63,64,65,66,67,68)
from:0x020b2fe8 kind:load to:0x020b8100 module:overlays(70,71,72,73,74,75,76,77,78,79,80,81,82,83,84,85,86,87)
from:0x020b2fec kind:load to:0x020ba7c0 module:overlays(88,89,90,91,92,93,94,95,96,97,98,99,100,101,102,103,104)
from:0x020b2ff0 kind:load to:0x020b3220 module:overlays(30,31,32,33,34,35,36,37,38,39,40,41,42,43,44,45,46,47,48,49)
from:0x020b2ff4 kind:load to:0x020b5a20 module:overlays(50,51,52,53,54,55,56,57,58,59,60,61,62,63,64,65,66,67,68)
from:0x020b2ff8 kind:load to:0x020b8100 module:overlays(70,71,72,73,74,75,76,77,78,79,80,81,82,83,84,85,86,87)
from:0x020b2ffc kind:load to:0x020ba7c0 module:overlays(88,89,90,91,92,93,94,95,96,97,98,99,100,101,102,103,104)
from:0x020b3000 kind:load to:0x020b3220 module:overlays(30,31,32,33,34,35,36,37,38,39,40,41,42,43,44,45,46,47,48,49)
from:0x020b3004 kind:load to:0x020b5a20 module:overlays(50,51,52,53,54,55,56,57,58,59,60,61,62,63,64,65,66,67,68)
from:0x020b3008 kind:load to:0x020b8100 module:overlays(70,71,72,73,74,75,76,77,78,79,80,81,82,83,84,85,86,87)
from:0x020b300c kind:load to:0x020ba7c0 module:overlays(88,89,90,91,92,93,94,95,96,97,98,99,100,101,102,103,104)
from:0x020b3010 kind:load to:0x020b3220 module:overlays(30,31,32,33,34,35,36,37,38,39,40,41,42,43,44,45,46,47,48,49)
from:0x020b3014 kind:load to:0x020b5a20 module:overlays(50,51,52,53,54,55,56,57,58,59,60,61,62,63,64,65,66,67,68)
from:0x020b3018 kind:load to:0x020b8100 module:overlays(70,71,72,73,74,75,76,77,78,79,80,81,82,83,84,85,86,87)
from:0x020b301c kind:load to:0x020ba7c0 module:overlays(88,89,90,91,92,93,94,95,96,97,98,99,100,101,102,103,104)
from:0x020b3020 kind:load to:0x020b3220 module:overlays(30,31,32,33,34,35,36,37,38,39,40,41,42,43,44,45,46,47,48,49)
from:0x020b3024 kind:load to:0x020b5a20 module:overlays(50,51,52,53,54,55,56,57,58,59,60,61,62,63,64,65,66,67,68)
from:0x020b3028 kind:load to:0x020b8100 module:overlays(70,71,72,73,74,75,76,77,78,79,80,81,82,83,84,85,86,87)
from:0x020b302c kind:load to:0x020ba7c0 module:overlays(88,89,90,91,92,93,94,95,96,97,98,99,100,101,102,103,104)
from:0x020b3030 kind:load to:0x020b3220 module:overlays(30,31,32,33,34,35,36,37,38,39,40,41,42,43,44,45,46,47,48,49)
from:0x020b3034 kind:load to:0x020b5a20 module:overlays(50,51,52,53,54,55,56,57,58,59,60,61,62,63,64,65,66,67,68)
from:0x020b3038 kind:load to:0x020b8100 module:overlays(70,71,72,73,74,75,76,77,78,79,80,81,82,83,84,85,86,87)
from:0x020b303c kind:load to:0x020ba7c0 module:overlays(88,89,90,91,92,93,94,95,96,97,98,99,100,101,102,103,104)
from:0x020b3040 kind:load to:0x020b3220 module:overlays(30,31,32,33,34,35,36,37,38,39,40,41,42,43,44,45,46,47,48,49)
from:0x020b3044 kind:load to:0x020b5a20 module:overlays(50,51,52,53,54,55,56,57,58,59,60,61,62,63,64,65,66,67,68)
from:0x020b3050 kind:load to:0x020b3220 module:overlays(30,31,32,33,34,35,36,37,38,39,40,41,42,43,44,45,46,47,48,49)
from:0x020b3054 kind:load to:0x020b5a20 module:overlays(50,51,52,53,54,55,56,57,58,59,60,61,62,63,64,65,66,67,68)
from:0x020b3058 kind:load to:0x020b8100 module:overlays(70,71,72,73,74,75,76,77,78,79,80,81,82,83,84,85,86,87)
from:0x020b305c kind:load to:0x020ba7c0 module:overlays(88,89,90,91,92,93,94,95,96,97,98,99,100,101,102,103,104)
from:0x020b3060 kind:load to:0x020b3220 module:overlays(30,31,32,33,34,35,36,37,38,39,40,41,42,43,44,45,46,47,48,49)
from:0x020b3064 kind:load to:0x020b5a20 module:overlays(50,51,52,53,54,55,56,57,58,59,60,61,62,63,64,65,66,67,68)
from:0x020b3068 kind:load to:0x020b8100 module:overlays(70,71,72,73,74,75,76,77,78,79,80,81,82,83,84,85,86,87)
from:0x020b306c kind:load to:0x020ba7c0 module:overlays(88,89,90,91,92,93,94,95,96,97,98,99,100,101,102,103,104)
from:0x020b3070 kind:load to:0x020b3220 module:overlays(30,31,32,33,34,35,36,37,38,39,40,41,42,43,44,45,46,47,48,49)
from:0x020b3074 kind:load to:0x020b5a20 module:overlays(50,51,52,53,54,55,56,57,58,59,60,61,62,63,64,65,66,67,68)
from:0x020b3078 kind:load to:0x020b8100 module:overlays(70,71,72,73,74,75,76,77,78,79,80,81,82,83,84,85,86,87)
from:0x020b307c kind:load to:0x020ba7c0 module:overlays(88,89,90,91,92,93,94,95,96,97,98,99,100,101,102,103,104)
from:0x020b3080 kind:load to:0x020b3220 module:overlays(30,31,32,33,34,35,36,37,38,39,40,41,42,43,44,45,46,47,48,49)
from:0x020b3084 kind:load to:0x020b5a20 module:overlays(50,51,52,53,54,55,56,57,58,59,60,61,62,63,64,65,66,67,68)
from:0x020b3088 kind:load to:0x020b8100 module:overlays(70,71,72,73,74,75,76,77,78,79,80,81,82,83,84,85,86,87)
from:0x020b308c kind:load to:0x020ba7c0 module:overlays(88,89,90,91,92,93,94,95,96,97,98,99,100,101,102,103,104)
from:0x020b3090 kind:load to:0x020b3220 module:overlays(30,31,32,33,34,35,36,37,38,39,40,41,42,43,44,45,46,47,48,49)
from:0x020b3094 kind:load to:0x020b5a20 module:overlays(50,51,52,53,54,55,56,57,58,59,60,61,62,63,64,65,66,67,68)
from:0x020b3098 kind:load to:0x020b8100 module:overlays(70,71,72,73,74,75,76,77,78,79,80,81,82,83,84,85,86,87)
from:0x020b309c kind:load to:0x020ba7c0 module:overlays(88,89,90,91,92,93,94,95,96,97,98,99,100,101,102,103,104)
from:0x020b30a0 kind:load to:0x020b3220 module:overlays(30,31,32,33,34,35,36,37,38,39,40,41,42,43,44,45,46,47,48,49)
from:0x020b30a4 kind:load to:0x020b5a20 module:overlays(50,51,52,53,54,55,56,57,58,59,60,61,62,63,64,65,66,67,68)
from:0x020b30a8 kind:load to:0x020b8100 module:overlays(70,71,72,73,74,75,76,77,78,79,80,81,82,83,84,85,86,87)
from:0x020b30ac kind:load to:0x020ba7c0 module:overlays(88,89,90,91,92,93,94,95,96,97,98,99,100,101,102,103,104)
